2026-05-03 15:05;17;5;2;2;50,25,12,14,17
2026-05-03 15:05;60;1;0;0;60
2026-05-03 15:05;81;7;3;3;50,99,80,80,90,85,81
2026-05-05 09:34;42;11;6;4;50,20,25,30,35,40,45,44,43,41,42
<<<<<<< HEAD
2026-05-05 14:11;42;9;5;3;50,30,40,35,54,40,43,41,422026-05-06 
2026-05-06 19:03;70;4;1;2;50,80,75,70
2026-05-06 19:03;93;4;1;2;50,80,75,70,93
2026-05-06 19:05;59;9;2;6;50,80,76,70,69,65,60,55,59
2026-05-06 19:05;65;4;1;2;60,80,76,65
2026-05-06 19:05;77;4;2;1;60,70,80,77
2026-05-06 19:06;72;10;2;7;50,90,87,86,85,81,70,77,74,72
=======
2026-05-05 15:17;26;6;2;3;50,15,25,37,28,26
2026-05-05 15:18;33;12;6;5;15,50,25,37,50,25,37,26,28,45,29,33
2026-05-05 15:20;29;6;2;3;50,25,37,28,30,29
2026-05-05 15:20;54;7;2;4;50,77,68,68,55,50,54
>>>>>>> e2f489a7ce2a93ff218ee028015b12ab9f8e0a70
